#Frame     RMSD_00001
       1       0.0000
       2       0.1567
       3       0.1810
       4       0.3997
       5       0.6881
       6       0.7286
       7       0.7095
       8       0.7242
       9       0.7201
      10       0.7033
      11       0.7401
      12       0.7321
      13       0.7401
      14       0.7243
      15       0.7357
      16       0.7250
      17       0.7081
      18       0.7395
      19       0.7202
      20       0.7241
      21       0.7216
      22       0.7214
      23       0.7261
      24       0.7023
      25       0.7182
      26       0.7363
      27       0.7086
      28       0.7383
      29       0.6943
      30       0.7075
      31       0.6997
      32       0.7434
      33       0.7429
      34       0.7240
      35       0.7231
      36       0.7029
      37       0.6765
      38       0.7167
      39       0.7409
      40       0.7424
      41       0.7355
      42       0.7103
      43       0.7349
      44       0.6949
      45       0.7100
      46       0.7108
      47       0.7096
      48       0.7393
      49       0.6995
      50       0.7060
      51       0.7392
      52       0.7180
      53       0.7210
      54       0.6914
      55       0.6937
      56       0.7236
      57       0.6942
      58       0.6975
      59       0.7375
      60       0.7041
      61       0.6870
      62       0.7306
      63       0.7421
      64       0.7309
      65       0.7031
      66       0.7168
      67       0.7408
      68       0.6799
      69       0.7442
      70       0.7087
      71       0.7240
      72       0.7084
      73       0.7233
      74       0.7315
      75       0.7109
      76       0.7272
      77       0.7021
      78       0.7426
      79       0.7302
      80       0.7157
      81       0.7278
      82       0.7289
      83       0.7054
      84       0.7298
      85       0.7219
      86       0.7500
      87       0.7028
      88       0.7573
      89       0.6925
      90       0.7406
      91       0.7278
      92       0.7707
      93       0.7156
      94       0.7376
      95       0.7139
      96       0.7470
      97       0.7190
      98       0.7299
      99       0.7394
     100       0.7193
     101       0.7143
     102       0.7666
     103       0.7195
     104       0.7162
     105       0.7493
     106       0.7429
     107       0.7082
     108       0.7249
     109       0.7276
     110       0.7165
     111       0.7220
     112       0.7360
     113       0.7180
     114       0.6865
     115       0.7339
     116       0.7335
     117       0.7096
     118       0.7404
     119       0.7180
     120       0.7599
     121       0.7519
     122       0.7394
     123       0.7216
     124       0.6975
     125       0.7068
     126       0.7308
     127       0.7434
     128       0.7234
     129       0.7125
     130       0.6897
     131       0.7396
     132       0.7360
     133       0.6994
     134       0.7214
     135       0.7160
     136       0.7134
     137       0.7407
     138       0.7496
     139       0.7192
     140       0.7463
     141       0.7168
     142       0.7458
     143       0.7086
     144       0.7213
     145       0.7416
     146       0.7079
     147       0.7286
     148       0.7307
     149       0.7536
     150       0.7378
     151       0.7009
     152       0.7114
     153       0.7201
     154       0.7127
     155       0.7510
     156       0.7191
     157       0.7277
     158       0.7170
     159       0.7297
     160       0.7290
     161       0.7080
     162       0.7208
     163       0.7326
     164       0.7149
     165       0.7544
     166       0.7458
     167       0.7108
     168       0.7120
     169       0.7341
     170       0.7239
     171       0.7061
     172       0.7135
     173       0.7143
     174       0.7561
     175       0.7269
     176       0.7132
     177       0.6952
     178       0.7141
     179       0.6846
     180       0.6890
     181       0.7179
     182       0.7213
     183       0.6874
     184       0.7255
     185       0.7465
     186       0.7235
     187       0.7167
     188       0.7480
     189       0.7283
     190       0.7273
     191       0.7180
     192       0.7284
     193       0.7435
     194       0.7252
     195       0.7433
     196       0.7255
     197       0.7323
     198       0.7296
     199       0.7573
     200       0.7247
     201       0.6937
     202       0.7251
     203       0.7142
     204       0.7507
     205       0.7191
     206       0.7430
     207       0.7015
     208       0.7325
     209       0.7302
     210       0.7087
     211       0.7171
     212       0.7079
     213       0.7151
     214       0.7315
     215       0.7233
     216       0.7356
     217       0.7446
     218       0.7112
     219       0.7395
     220       0.6947
     221       0.7647
     222       0.7288
     223       0.7457
     224       0.7104
     225       0.7051
     226       0.7268
     227       0.7614
     228       0.7508
     229       0.7277
     230       0.7016
     231       0.7021
     232       0.7288
     233       0.7204
     234       0.7191
     235       0.6921
     236       0.7169
     237       0.7061
     238       0.7131
     239       0.7357
     240       0.7143
     241       0.6966
     242       0.7424
     243       0.7162
     244       0.7243
     245       0.7103
     246       0.7137
     247       0.7557
     248       0.7391
     249       0.7345
     250       0.7379
     251       0.7277
     252       0.6971
     253       0.6944
     254       0.7326
     255       0.7150
     256       0.7133
     257       0.7458
     258       0.6949
     259       0.7384
     260       0.7195
     261       0.6975
     262       0.7031
     263       0.7092
     264       0.7197
     265       0.7319
     266       0.7295
     267       0.6969
     268       0.6999
     269       0.7086
     270       0.7428
     271       0.7105
     272       0.7215
     273       0.7437
     274       0.7018
     275       0.7430
     276       0.7061
     277       0.7445
     278       0.7102
     279       0.7367
     280       0.7015
     281       0.7045
     282       0.7145
     283       0.7159
     284       0.7286
     285       0.7447
     286       0.7517
     287       0.7332
     288       0.7034
     289       0.7399
     290       0.7327
     291       0.7081
     292       0.7009
     293       0.7276
     294       0.7217
     295       0.7375
     296       0.7117
     297       0.7451
     298       0.7175
     299       0.7387
     300       0.7436
     301       0.7204
     302       0.7188
     303       0.6905
     304       0.7329
     305       0.7064
     306       0.7199
     307       0.7175
     308       0.7356
     309       0.7247
     310       0.7114
     311       0.7322
     312       0.7263
     313       0.7245
     314       0.7094
     315       0.7491
     316       0.6925
     317       0.6974
     318       0.7114
     319       0.7444
     320       0.7289
     321       0.7318
     322       0.7216
     323       0.7195
     324       0.7137
     325       0.7120
     326       0.7033
     327       0.7290
     328       0.7026
     329       0.7274
     330       0.7247
     331       0.7090
     332       0.7127
     333       0.7293
     334       0.7382
     335       0.6911
     336       0.7190
     337       0.7134
     338       0.7202
     339       0.6911
     340       0.7091
     341       0.7075
     342       0.7151
     343       0.7231
     344       0.7331
     345       0.7166
     346       0.7332
     347       0.6883
     348       0.6836
     349       0.7399
     350       0.7303
     351       0.6973
     352       0.7513
     353       0.7108
     354       0.7210
     355       0.7452
     356       0.7174
     357       0.6925
     358       0.7207
     359       0.7034
     360       0.7185
     361       0.7254
     362       0.6907
     363       0.7064
     364       0.7486
     365       0.7041
     366       0.7348
     367       0.7412
     368       0.7210
     369       0.7274
     370       0.7415
     371       0.7134
     372       0.7125
     373       0.7216
     374       0.7228
     375       0.7132
     376       0.7326
     377       0.6953
     378       0.7065
     379       0.7214
     380       0.7420
     381       0.6922
     382       0.7058
     383       0.6996
     384       0.7379
     385       0.7015
     386       0.7257
     387       0.7192
     388       0.7506
     389       0.7331
     390       0.7242
     391       0.7273
     392       0.6928
     393       0.6649
     394       0.7436
     395       0.7107
     396       0.7067
     397       0.7652
     398       0.7062
     399       0.7020
     400       0.6969
     401       0.6862
     402       0.7326
     403       0.7235
     404       0.6949
     405       0.7349
     406       0.7095
     407       0.7016
     408       0.7316
     409       0.7122
     410       0.7101
     411       0.7082
     412       0.7396
     413       0.7308
     414       0.7676
     415       0.7417
     416       0.7192
     417       0.6981
     418       0.7034
     419       0.7073
     420       0.7442
     421       0.7149
     422       0.7280
     423       0.7307
     424       0.7243
     425       0.7430
     426       0.6848
     427       0.7097
     428       0.7172
     429       0.6859
     430       0.7177
     431       0.7193
     432       0.7258
     433       0.7084
     434       0.7502
     435       0.7079
     436       0.7118
     437       0.7236
     438       0.7476
     439       0.7105
     440       0.7608
     441       0.7265
     442       0.7394
     443       0.7283
     444       0.7316
     445       0.7300
     446       0.6884
     447       0.7100
     448       0.7004
     449       0.7253
     450       0.7377
     451       0.7309
     452       0.7322
     453       0.7196
     454       0.7247
     455       0.7284
     456       0.7062
     457       0.6829
     458       0.7361
     459       0.7536
     460       0.7185
     461       0.7316
     462       0.7273
     463       0.7319
     464       0.7124
     465       0.7069
     466       0.7103
     467       0.7231
     468       0.7369
     469       0.6961
     470       0.7058
     471       0.6994
     472       0.6954
     473       0.7021
     474       0.7116
     475       0.7317
     476       0.7495
     477       0.6957
     478       0.7156
     479       0.7373
     480       0.7152
     481       0.7067
     482       0.7378
     483       0.7213
     484       0.6915
     485       0.6944
     486       0.7371
     487       0.7328
     488       0.7315
     489       0.7222
     490       0.7088
     491       0.7383
     492       0.7007
     493       0.6841
     494       0.7442
     495       0.7237
     496       0.7238
     497       0.7198
     498       0.7091
     499       0.7237
     500       0.7242
     501       0.7209
     502       0.7280
     503       0.7506
     504       0.7017
     505       0.7206
     506       0.7685
     507       0.7089
     508       0.7034
     509       0.7011
     510       0.7401
     511       0.6827
     512       0.7219
     513       0.7459
     514       0.6989
     515       0.7103
     516       0.7527
     517       0.6830
     518       0.7176
     519       0.7075
     520       0.7060
     521       0.7275
     522       0.7018
     523       0.7537
     524       0.7485
     525       0.7127
     526       0.6854
     527       0.7067
     528       0.7406
     529       0.7195
     530       0.7530
     531       0.7343
     532       0.7331
     533       0.7173
     534       0.7371
     535       0.7225
     536       0.7041
     537       0.7224
     538       0.7193
     539       0.7063
     540       0.7429
     541       0.7268
     542       0.7038
     543       0.7071
     544       0.7126
     545       0.7278
     546       0.7160
     547       0.6983
     548       0.7359
     549       0.7007
     550       0.7225
     551       0.7213
     552       0.7234
     553       0.7061
     554       0.7276
     555       0.6948
     556       0.7429
     557       0.7153
     558       0.7266
     559       0.7287
     560       0.7410
     561       0.7214
     562       0.7006
     563       0.7027
     564       0.6959
     565       0.7003
     566       0.7286
     567       0.7332
     568       0.6815
     569       0.7130
     570       0.7087
     571       0.6934
     572       0.7394
     573       0.7126
     574       0.7067
     575       0.7252
     576       0.7114
     577       0.7357
     578       0.7065
     579       0.7465
     580       0.6975
     581       0.7419
     582       0.7378
     583       0.7463
     584       0.7160
     585       0.7061
     586       0.7150
     587       0.7481
     588       0.7168
     589       0.7242
     590       0.6973
     591       0.7346
     592       0.7122
     593       0.7106
     594       0.7283
     595       0.7230
     596       0.7286
     597       0.7455
     598       0.7290
     599       0.7223
     600       0.7156
     601       0.7564
     602       0.7041
     603       0.6995
     604       0.7572
     605       0.7133
     606       0.7590
     607       0.7316
     608       0.7134
     609       0.7041
     610       0.7230
     611       0.7097
     612       0.7507
     613       0.7346
     614       0.7040
     615       0.7122
     616       0.7455
     617       0.7408
     618       0.7111
     619       0.7253
     620       0.6911
     621       0.7368
     622       0.7477
     623       0.7670
     624       0.6721
     625       0.7046
     626       0.7173
     627       0.7371
     628       0.7585
     629       0.7198
     630       0.7196
     631       0.6920
     632       0.6900
     633       0.7162
     634       0.7322
     635       0.7363
     636       0.7108
     637       0.7133
     638       0.7387
     639       0.7249
     640       0.7115
     641       0.7296
     642       0.6960
     643       0.7190
     644       0.7329
     645       0.7287
     646       0.6872
     647       0.6970
     648       0.6966
     649       0.7126
     650       0.7001
     651       0.7230
     652       0.6890
     653       0.7169
     654       0.7133
     655       0.7106
     656       0.6782
     657       0.6859
     658       0.7321
     659       0.7016
     660       0.7003
     661       0.7467
     662       0.6840
     663       0.6937
     664       0.7151
     665       0.7292
     666       0.6986
