# res-id, Phi, Psi
2 -94.6994857788086 132.60853576660156
3 -123.39508819580078 158.797607421875
4 -87.21355438232422 152.4378204345703
5 -127.7354965209961 116.46675872802734
6 -106.90205383300781 122.93142700195312
7 -89.85462951660156 159.9235382080078
8 -59.92724609375 -36.51039123535156
9 -66.75455474853516 -30.473407745361328
10 114.85929870605469 4.144199848175049
11 -74.63121032714844 153.13247680664062
12 -113.97293090820312 115.40325927734375
13 -86.10187530517578 121.54573059082031
14 -87.61041259765625 133.86094665527344
15 -128.257568359375 145.84542846679688
16 -119.66020202636719 132.84010314941406
17 -148.32826232910156 -177.44937133789062
18 -127.9828872680664 165.7738037109375
19 -60.36939239501953 -22.277568817138672
20 -101.23851776123047 23.855066299438477
21 -84.53897094726562 130.2024383544922
22 -54.7374153137207 155.42201232910156
23 -65.76377868652344 -28.295177459716797
24 -54.38899612426758 -34.54684066772461
25 -86.831298828125 -35.1607780456543
26 -62.056888580322266 -41.99980163574219
27 -62.34490966796875 -33.71158981323242
28 -62.94164276123047 -39.75906753540039
29 -62.691314697265625 -40.35832977294922
30 -62.68285369873047 -44.08214569091797
31 -56.615318298339844 -42.56047439575195
32 -56.268245697021484 -41.096923828125
33 -109.82604217529297 -12.683672904968262
34 -117.12273406982422 -24.275800704956055
35 79.6444091796875 20.101856231689453
36 -94.94224548339844 121.1840591430664
37 -72.2867202758789 147.48109436035156
38 -62.342708587646484 -22.521865844726562
39 -64.82996368408203 -28.54694175720215
40 -95.67015838623047 -14.443365097045898
41 -82.89397430419922 112.66793823242188
42 -101.95436096191406 103.89077758789062
43 -102.99916076660156 129.94512939453125
44 -120.47826385498047 140.3649444580078
45 -145.04904174804688 134.78109741210938
46 43.618995666503906 56.18601608276367
47 58.50695037841797 30.85740089416504
48 -142.08737182617188 113.45790100097656
49 -55.711997985839844 136.8521270751953
50 -95.12644958496094 138.2406005859375
51 -118.94425964355469 137.3887176513672
52 -57.39765167236328 -42.914459228515625
53 -81.48735046386719 -10.075451850891113
54 -79.16802215576172 157.10848999023438
55 -91.33821868896484 171.6656494140625
56 -65.35381317138672 -33.676204681396484
57 -64.8348388671875 -28.645124435424805
58 -58.49579620361328 -40.64088439941406
59 -101.85966491699219 15.229864120483398
60 77.02092742919922 17.901988983154297
61 -68.64707946777344 123.0550537109375
62 -111.48309326171875 172.4646759033203
63 -50.60212326049805 137.78118896484375
64 73.72650146484375 28.727970123291016
65 -82.63008117675781 133.98696899414062
66 -80.2032699584961 101.32598876953125
67 -71.2120361328125 145.48956298828125
68 -116.54244995117188 119.27957916259766
69 -106.53883361816406 115.77149963378906
70 -100.0414810180664 133.6380157470703
71 -94.47723388671875 146.51051330566406
72 -125.40313720703125 98.09546661376953
73 -87.82650756835938 149.17547607421875
74 -101.90214538574219 39.207054138183594
75 -150.6033172607422 151.95811462402344
2 -96.06397247314453 134.2681884765625
3 -122.49171447753906 179.10694885253906
4 -119.6891098022461 147.2688751220703
5 -129.8746795654297 121.3644027709961
6 -118.40132904052734 146.15135192871094
7 -120.39354705810547 179.90882873535156
8 -80.28279876708984 -27.21794319152832
9 -64.68164825439453 -12.482707023620605
10 85.08959197998047 5.487778186798096
11 -84.8530502319336 143.80813598632812
12 -106.66375732421875 140.38296508789062
13 -143.23867797851562 134.74305725097656
14 -102.98776245117188 130.15562438964844
15 -117.58068084716797 112.4898452758789
16 -82.57986450195312 132.3518524169922
17 -161.81582641601562 169.57769775390625
18 -111.78458404541016 154.7140350341797
19 -43.516456604003906 -31.590410232543945
20 -99.05132293701172 9.436726570129395
21 -71.99468231201172 138.99366760253906
22 -77.97435760498047 150.6429443359375
23 -60.14195251464844 -30.87114143371582
24 -54.54735565185547 -49.200923919677734
25 -63.74481964111328 -39.45615005493164
26 -57.53541564941406 -46.565006256103516
27 -75.2956314086914 -19.69074058532715
28 -77.80371856689453 -37.133140563964844
29 -60.15401077270508 -35.21793746948242
30 -70.24825286865234 -30.72894287109375
31 -70.84007263183594 -36.60261535644531
32 -63.905765533447266 -42.50090408325195
33 -106.53146362304688 -4.130545616149902
34 -142.5242156982422 -6.8209052085876465
35 73.13191223144531 15.374438285827637
36 -89.25180053710938 130.20260620117188
37 -77.34687805175781 151.6108856201172
38 -54.57038879394531 -33.10438919067383
39 -64.87901306152344 -42.49176025390625
40 -83.00492095947266 -3.3895649909973145
41 -106.68743133544922 135.71676635742188
42 -132.2202911376953 122.14352416992188
43 -115.03338623046875 126.21632385253906
44 -106.87659454345703 121.3060302734375
45 -120.24056243896484 117.51618957519531
46 43.44114685058594 56.45049285888672
47 63.432193756103516 15.140624046325684
48 -120.030517578125 149.54051208496094
49 -93.36064910888672 140.6542205810547
50 -79.6276626586914 110.46865844726562
51 -88.75582885742188 130.77513122558594
52 -40.68747329711914 -45.765541076660156
53 -72.8398208618164 -16.55000877380371
54 -78.15497589111328 168.44712829589844
55 -106.11608123779297 159.99024963378906
56 -60.03205490112305 -36.921485900878906
57 -60.61825180053711 -32.08660888671875
58 -64.0484619140625 -32.26294708251953
59 -79.03428649902344 -16.649171829223633
60 78.1916275024414 44.026912689208984
61 -101.01620483398438 120.75775909423828
62 -93.74878692626953 166.1798553466797
63 -58.73237228393555 155.87277221679688
64 54.700443267822266 31.580463409423828
65 -95.68936920166016 135.4088134765625
66 -68.46295166015625 117.99332427978516
67 -104.3895263671875 129.84580993652344
68 -86.3387222290039 124.35509490966797
69 -101.84664154052734 119.49687957763672
70 -91.05882263183594 144.26071166992188
71 -116.59812927246094 145.5482940673828
72 -120.31623840332031 118.83601379394531
73 -110.9507827758789 129.5035400390625
74 -89.1150131225586 -10.962691307067871
75 -113.50949096679688 -176.05015563964844
2 -99.89767456054688 125.24121856689453
3 -122.92809295654297 161.90440368652344
4 -104.36048889160156 149.85203552246094
5 -139.03048706054688 132.28575134277344
6 -117.83219909667969 127.86143493652344
7 -96.7880630493164 175.67776489257812
8 -77.01065063476562 -13.359264373779297
9 -90.42179870605469 -9.908853530883789
10 95.13632202148438 19.787342071533203
11 -96.5447006225586 126.4574966430664
12 -66.72037506103516 128.80564880371094
13 -110.55314636230469 123.72686004638672
14 -87.26335144042969 137.87290954589844
15 -145.35618591308594 135.85406494140625
16 -86.23391723632812 116.6875228881836
17 -135.01954650878906 170.90646362304688
18 -108.38565826416016 154.23928833007812
19 -49.868316650390625 -27.16118049621582
20 -85.80085754394531 -1.7913899421691895
21 -62.8759651184082 130.1347198486328
22 -68.84735107421875 145.16067504882812
23 -52.721675872802734 -33.2740592956543
24 -42.349796295166016 -52.46977615356445
25 -69.2988052368164 -41.27339553833008
26 -68.90702056884766 -36.24983215332031
27 -60.256996154785156 -43.7958869934082
28 -67.85855102539062 -37.39789581298828
29 -61.73214340209961 -32.30326843261719
30 -63.210792541503906 -43.73134231567383
31 -61.20299530029297 -44.78449249267578
32 -57.178462982177734 -53.897857666015625
33 -85.26100158691406 -25.095216751098633
34 -115.82178497314453 -10.787834167480469
35 81.85112762451172 10.902726173400879
36 -96.17332458496094 132.8585968017578
37 -91.21692657470703 152.32003784179688
38 -39.99555206298828 -38.01181411743164
39 -65.41537475585938 -41.527069091796875
40 -98.35067749023438 -4.301642894744873
41 -79.3154525756836 114.18711853027344
42 -112.1479263305664 109.5925064086914
43 -115.13783264160156 118.4310302734375
44 -113.78402709960938 122.30418395996094
45 -118.8225326538086 117.27059173583984
46 57.66489028930664 39.71006393432617
47 75.60313415527344 19.87497901916504
48 -129.4108123779297 133.41465759277344
49 -82.67668914794922 136.73565673828125
50 -79.43734741210938 113.12030792236328
51 -94.90860748291016 142.94161987304688
52 -53.9928092956543 -40.466529846191406
53 -83.69027709960938 4.204146862030029
54 -101.25861358642578 146.9351806640625
55 -84.88421630859375 158.94094848632812
56 -65.75043487548828 -35.17076873779297
57 -60.40181350708008 -35.4459114074707
58 -57.061153411865234 -45.52825164794922
59 -78.77310943603516 -5.7379841804504395
60 69.3016357421875 52.649925231933594
61 -93.16236114501953 111.774658203125
62 -78.67642211914062 153.84072875976562
63 -58.567203521728516 144.5313720703125
64 57.553077697753906 29.657562255859375
65 -82.6621322631836 154.5913543701172
66 -92.73405456542969 126.21493530273438
67 -99.02305603027344 152.7777557373047
68 -104.58100128173828 136.3353271484375
69 -109.17504119873047 94.43403625488281
70 -88.76798248291016 100.6756362915039
71 -69.43695068359375 141.3887939453125
72 -123.2107925415039 130.33641052246094
73 -119.92781066894531 138.0939178466797
74 -91.59159088134766 4.459993362426758
75 -130.68247985839844 -172.73789978027344
2 -98.06489562988281 135.04412841796875
3 -124.53092193603516 162.7467498779297
4 -100.1805419921875 130.3266143798828
5 -108.43717193603516 113.36810302734375
6 -100.81741333007812 121.11051177978516
7 -80.65725708007812 168.1879119873047
8 -72.5215835571289 -22.96137046813965
9 -80.45824432373047 17.95627212524414
10 58.61945724487305 35.06833267211914
11 -111.73686218261719 130.4293670654297
12 -76.83882904052734 123.38005065917969
13 -107.29527282714844 137.85926818847656
14 -108.58689880371094 139.22679138183594
15 -146.637451171875 139.76377868652344
16 -114.2645492553711 126.89669036865234
17 -161.5562286376953 160.53530883789062
18 -108.45283508300781 154.5918731689453
19 -82.15806579589844 2.6265320777893066
20 -101.2448501586914 2.7351386547088623
21 -67.9044189453125 134.30023193359375
22 -63.48923873901367 157.5740966796875
23 -65.80323791503906 -23.568986892700195
24 -63.29131317138672 -40.24285125732422
25 -79.04615020751953 -38.76903533935547
26 -55.21583938598633 -45.28759002685547
27 -64.48902130126953 -37.228248596191406
28 -60.709774017333984 -40.35269546508789
29 -62.99992370605469 -43.897666931152344
30 -66.75767517089844 -46.32029724121094
31 -56.05004119873047 -41.889217376708984
32 -60.68547439575195 -45.60507583618164
33 -82.07513427734375 -51.08544921875
34 -83.31623077392578 -17.81194496154785
35 70.61714935302734 33.58978271484375
36 -111.31700897216797 122.5232162475586
37 -83.75773620605469 147.8356475830078
38 -54.80352020263672 -23.42571258544922
39 -69.91996765136719 -41.00789260864258
40 -82.14114379882812 -15.237226486206055
41 -80.53265380859375 131.86973571777344
42 -124.92772674560547 121.90435791015625
43 -114.27604675292969 135.36383056640625
44 -124.22515869140625 122.91865539550781
45 -124.89453125 128.27503967285156
46 35.69624710083008 55.03812789916992
47 84.17200469970703 -5.219709396362305
48 -122.9095687866211 131.87876892089844
49 -77.20709228515625 131.34194946289062
50 -80.2145767211914 100.14762878417969
51 -76.80840301513672 155.366455078125
52 -58.99920654296875 -39.59566116333008
53 -89.00516510009766 -1.2292698621749878
54 -95.0370101928711 157.62734985351562
55 -79.84754180908203 168.85182189941406
56 -60.97236251831055 -35.149417877197266
57 -69.90267181396484 -28.41143226623535
58 -64.19236755371094 -37.15870666503906
59 -100.31123352050781 -0.5516759753227234
60 66.06037902832031 38.067848205566406
61 -75.54886627197266 123.29947662353516
62 -93.00965118408203 160.2205352783203
63 -62.71757125854492 149.87066650390625
64 64.71144104003906 21.539779663085938
65 -100.56672668457031 148.4918975830078
66 -92.1336669921875 119.36739349365234
67 -97.50223541259766 145.3645477294922
68 -110.6819076538086 124.62703704833984
69 -107.4508285522461 107.54781341552734
70 -78.81410217285156 139.06068420410156
71 -110.56539916992188 134.90182495117188
72 -122.14349365234375 128.31427001953125
73 -107.8077163696289 140.27163696289062
74 -97.15724182128906 -7.911593437194824
75 -118.32553100585938 159.9035186767578
2 -106.16776275634766 135.8056640625
3 -117.19671630859375 144.1466827392578
4 -96.53632354736328 145.57699584960938
5 -131.26353454589844 128.6495819091797
6 -108.47623443603516 127.78101348876953
7 -94.18929290771484 163.41006469726562
8 -53.38871765136719 -32.51924133300781
9 -88.1061782836914 7.255889892578125
10 84.53607177734375 13.062386512756348
11 -80.97811889648438 161.33250427246094
12 -113.39407348632812 137.11489868164062
13 -123.92982482910156 133.60841369628906
14 -94.73119354248047 136.4629669189453
15 -138.61111450195312 125.61044311523438
16 -90.46269989013672 117.50382995605469
17 -140.6142578125 172.23529052734375
18 -125.18844604492188 159.94007873535156
19 -60.836517333984375 -23.497922897338867
20 -79.18743896484375 -8.858244895935059
21 -60.945716857910156 128.23162841796875
22 -48.82681655883789 149.13475036621094
23 -61.6500129699707 -30.634658813476562
24 -53.73106384277344 -45.3905143737793
25 -61.6734619140625 -39.399658203125
26 -65.32718658447266 -44.63670349121094
27 -59.40970993041992 -38.61229705810547
28 -62.668060302734375 -43.25945281982422
29 -60.097312927246094 -47.584259033203125
30 -59.053916931152344 -47.83271408081055
31 -58.11752700805664 -33.31593322753906
32 -62.72617721557617 -55.22700881958008
33 -82.87796020507812 -39.4007453918457
34 -103.73307037353516 -4.223590850830078
35 70.4207534790039 10.788420677185059
36 -97.21692657470703 115.40132141113281
37 -96.41188049316406 160.13632202148438
38 -59.542701721191406 -40.1519775390625
39 -50.708335876464844 -41.881752014160156
40 -74.52236938476562 -18.67426872253418
41 -94.60342407226562 124.71522521972656
42 -111.16571807861328 116.73820495605469
43 -110.85333251953125 136.32870483398438
44 -126.99433898925781 127.72148132324219
45 -118.39566040039062 116.88420867919922
46 52.77460861206055 54.78923797607422
47 84.17623138427734 -3.477581739425659
48 -125.92994689941406 156.93370056152344
49 -99.45103454589844 138.6106719970703
50 -92.70567321777344 117.434326171875
51 -95.34136962890625 143.25155639648438
52 -54.50558090209961 -41.63285446166992
53 -92.46383666992188 1.6963176727294922
54 -82.50138854980469 170.27809143066406
55 -90.07318115234375 174.7579345703125
56 -69.61341094970703 -35.797637939453125
57 -63.03215789794922 -30.558382034301758
58 -58.149253845214844 -26.535734176635742
59 -105.8340072631836 19.822139739990234
60 47.676063537597656 52.805511474609375
61 -80.481689453125 106.40955352783203
62 -75.38467407226562 152.55528259277344
63 -60.90666198730469 143.9539337158203
64 80.06704711914062 12.704570770263672
65 -71.68170928955078 132.66738891601562
66 -83.46991729736328 110.23303985595703
67 -94.55945587158203 122.68467712402344
68 -79.64293670654297 121.10269927978516
69 -105.71219635009766 112.05647277832031
70 -96.87450408935547 124.6999282836914
71 -91.37665557861328 122.17981719970703
72 -104.61284637451172 144.62876892089844
73 -119.38201904296875 119.40499877929688
74 -81.47073364257812 -13.367475509643555
75 -106.26943969726562 155.36126708984375
2 -112.57331085205078 129.92166137695312
3 -110.42039489746094 165.9396514892578
4 -111.49177551269531 137.64190673828125
5 -130.68687438964844 127.40109252929688
6 -106.21930694580078 116.41748809814453
7 -76.19141387939453 177.48190307617188
8 -79.80115509033203 -9.317625045776367
9 -84.99544525146484 -15.866632461547852
10 89.31182861328125 28.89028549194336
11 -84.53831481933594 125.9558334350586
12 -70.83856201171875 125.33087158203125
13 -119.02169799804688 139.4818878173828
14 -113.22276306152344 135.56192016601562
15 -146.82003784179688 135.70013427734375
16 -89.80601501464844 118.16715240478516
17 -142.43804931640625 156.75552368164062
18 -97.05167388916016 150.4980926513672
19 -52.88606262207031 -27.035724639892578
20 -88.18037414550781 3.8694498538970947
21 -74.21880340576172 138.767578125
22 -74.20282745361328 153.74684143066406
23 -64.09046936035156 -23.289945602416992
24 -67.4361572265625 -52.22642135620117
25 -55.93452072143555 -37.678627014160156
26 -66.14160919189453 -40.490875244140625
27 -64.67981719970703 -35.48542785644531
28 -67.48694610595703 -34.1208610534668
29 -58.6340446472168 -43.864933013916016
30 -71.76561737060547 -42.21766662597656
31 -53.62697982788086 -41.003990173339844
32 -51.01782989501953 -56.77484893798828
33 -96.82068634033203 -23.801061630249023
34 -120.73686981201172 4.289026737213135
35 72.11100769042969 -6.504810810089111
36 -77.42581176757812 118.7181396484375
37 -90.8058853149414 159.97760009765625
38 -65.0884017944336 -36.31552505493164
39 -60.64507293701172 -32.850589752197266
40 -95.68583679199219 -0.41294169425964355
41 -87.93147277832031 125.76242065429688
42 -118.50202178955078 120.75601196289062
43 -114.82836151123047 132.16236877441406
44 -123.19884490966797 134.123046875
45 -127.41362762451172 119.77883911132812
46 55.635284423828125 47.292118072509766
47 73.47654724121094 10.62961483001709
48 -126.9161605834961 124.62494659423828
49 -77.6085205078125 130.5508575439453
50 -78.34610748291016 117.48210906982422
51 -118.55602264404297 148.86654663085938
52 -56.26621627807617 -39.141998291015625
53 -77.911376953125 -1.2338711023330688
54 -112.8008041381836 -175.78648376464844
55 -121.81257629394531 167.88877868652344
56 -57.33323669433594 -34.566162109375
57 -78.63660430908203 -27.617036819458008
58 -59.674800872802734 -50.587730407714844
59 -74.21417999267578 0.8576632738113403
60 64.4950180053711 40.03252410888672
61 -91.47530364990234 126.1932373046875
62 -88.26557922363281 152.7768096923828
63 -52.135459899902344 138.54949951171875
64 70.77706146240234 32.147666931152344
65 -88.92910766601562 154.42257690429688
66 -110.8698501586914 110.52276611328125
67 -87.19034576416016 147.37677001953125
68 -100.53626251220703 143.11944580078125
69 -116.83818817138672 116.67390441894531
70 -104.28431701660156 133.5564422607422
71 -83.18275451660156 134.06314086914062
72 -117.99285888671875 133.76617431640625
73 -129.9856414794922 135.1536407470703
74 -100.14781951904297 9.062325477600098
75 -121.11790466308594 122.67083740234375
2 -146.1593017578125 148.07870483398438
3 -141.4270782470703 144.32481384277344
4 -102.78986358642578 138.052001953125
5 -137.027587890625 123.0441665649414
6 -109.02240753173828 118.6712875366211
7 -78.7695541381836 179.17379760742188
8 -77.22982788085938 -11.203160285949707
9 -97.91653442382812 5.687310695648193
10 69.2669906616211 22.31008529663086
11 -88.0533447265625 116.64779663085938
12 -77.01654052734375 138.36253356933594
13 -113.11917877197266 112.8013687133789
14 -76.47338104248047 121.29798889160156
15 -132.35060119628906 123.55481719970703
16 -102.26378631591797 115.2608642578125
17 -136.7970428466797 161.3596954345703
18 -118.9989013671875 150.7789306640625
19 -61.73270034790039 -23.51468276977539
20 -85.72421264648438 5.827932834625244
21 -61.46857452392578 115.56910705566406
22 -58.42135238647461 149.90313720703125
23 -62.17716598510742 -37.817073822021484
24 -55.32810592651367 -43.74986267089844
25 -68.69403076171875 -40.423553466796875
26 -66.36429595947266 -41.133602142333984
27 -67.66714477539062 -26.984603881835938
28 -78.67650604248047 -25.859880447387695
29 -64.51671600341797 -41.95859909057617
30 -60.75453186035156 -35.77232360839844
31 -63.803531646728516 -46.97471237182617
32 -56.693668365478516 -48.586612701416016
33 -82.1700439453125 -46.52344512939453
34 -102.0777359008789 -2.0083866119384766
35 75.77679443359375 5.121072292327881
36 -85.30181884765625 127.77132415771484
37 -77.46844482421875 146.9231414794922
38 -60.55636215209961 -32.98587417602539
39 -56.94851303100586 -36.36393356323242
40 -95.4651107788086 25.41105079650879
41 -125.33391571044922 116.91468048095703
42 -118.7029800415039 100.3375015258789
43 -89.99960327148438 131.35400390625
44 -117.1713638305664 133.90354919433594
45 -125.00959777832031 117.0355224609375
46 65.3929214477539 38.285282135009766
47 55.91489791870117 19.153135299682617
48 -116.42475128173828 130.66932678222656
49 -76.09024047851562 134.85928344726562
50 -93.50544738769531 116.35379791259766
51 -105.17365264892578 145.04408264160156
52 -59.522789001464844 -26.800323486328125
53 -85.51799011230469 -8.13208293914795
54 -97.51627349853516 155.0630340576172
55 -89.77899169921875 169.05889892578125
56 -63.468597412109375 -35.004234313964844
57 -61.13504409790039 -38.34711837768555
58 -59.392845153808594 -41.838321685791016
59 -92.03828430175781 10.622542381286621
60 62.820255279541016 29.314836502075195
61 -86.83856964111328 133.04273986816406
62 -103.11334228515625 167.94801330566406
63 -58.740814208984375 146.51324462890625
64 73.00511169433594 9.241150856018066
65 -77.44330596923828 143.6195831298828
66 -95.58770751953125 117.91264343261719
67 -113.08919525146484 141.68309020996094
68 -97.14554595947266 123.16445922851562
69 -107.16047668457031 118.79115295410156
70 -111.92062377929688 120.14375305175781
71 -81.82586669921875 115.87273406982422
72 -96.30513763427734 113.40264892578125
73 -102.81593322753906 143.13873291015625
74 -113.49595642089844 -32.88531494140625
75 -68.89248657226562 160.1202392578125
2 -89.6279525756836 131.8114013671875
3 -127.86677551269531 156.64675903320312
4 -107.55756378173828 130.15406799316406
5 -117.9053726196289 108.20714569091797
6 -89.49085998535156 133.5561981201172
7 -95.53153991699219 172.83505249023438
8 -72.626220703125 -22.99562644958496
9 -76.1390380859375 7.910912990570068
10 74.17816925048828 14.384033203125
11 -88.05203247070312 124.33489227294922
12 -89.62554168701172 103.0350341796875
13 -98.28260040283203 145.7303924560547
14 -103.54954528808594 121.0330810546875
15 -112.22852325439453 138.3550262451172
16 -103.24639129638672 121.1550064086914
17 -146.6439208984375 144.94241333007812
18 -101.89776611328125 154.6103973388672
19 -69.21652221679688 -9.630158424377441
20 -97.44786071777344 7.757375717163086
21 -79.1844711303711 126.5072250366211
22 -57.43949890136719 150.87721252441406
23 -63.58822250366211 -27.619382858276367
24 -65.00507354736328 -46.497982025146484
25 -64.26531219482422 -33.442100524902344
26 -61.683692932128906 -44.862388610839844
27 -56.523136138916016 -41.79219436645508
28 -56.22908020019531 -41.093509674072266
29 -61.22779083251953 -39.95783233642578
30 -63.097679138183594 -41.82440948486328
31 -61.02819061279297 -35.23731231689453
32 -60.68134689331055 -51.70538330078125
33 -89.75491333007812 -37.10487365722656
34 -104.6317138671875 -14.860239028930664
35 88.46466827392578 1.9579716920852661
36 -84.4869613647461 136.59703063964844
37 -82.55797576904297 157.71726989746094
38 -50.61149215698242 -45.26933670043945
39 -61.167457580566406 -17.8786563873291
40 -98.71846008300781 1.053868055343628
41 -103.4603042602539 113.5699691772461
42 -117.51463317871094 105.26732635498047
43 -94.6277084350586 133.9281005859375
44 -118.81207275390625 134.71217346191406
45 -123.60629272460938 139.41357421875
46 33.49239730834961 55.6252555847168
47 65.98821258544922 13.302918434143066
48 -125.42245483398438 122.67231750488281
49 -70.64041137695312 138.98416137695312
50 -85.88734436035156 123.04342651367188
51 -100.83900451660156 133.80001831054688
52 -57.86799240112305 -24.886882781982422
53 -82.15958404541016 -7.558598041534424
54 -97.47854614257812 168.91287231445312
55 -96.87198638916016 175.95794677734375
56 -64.25422668457031 -35.7439079284668
57 -70.6159439086914 -20.298879623413086
58 -61.427093505859375 -34.17657470703125
59 -97.9223403930664 -1.7378071546554565
60 62.3221435546875 49.779754638671875
61 -80.94027709960938 93.48519897460938
62 -55.96756362915039 146.37225341796875
63 -38.23420333862305 148.48187255859375
64 71.76841735839844 -8.001901626586914
65 -59.94146728515625 140.3230438232422
66 -96.59569549560547 108.290771484375
67 -87.7899398803711 152.643798828125
68 -103.54542541503906 140.12857055664062
69 -123.02650451660156 120.82339477539062
70 -97.92945861816406 140.69180297851562
71 -103.60045623779297 124.69308471679688
72 -100.90241241455078 109.64937591552734
73 -98.46051025390625 124.25702667236328
74 -80.15384674072266 -40.185245513916016
75 -58.22825622558594 149.96231079101562
2 -102.05914306640625 130.1039276123047
3 -125.10604858398438 164.76669311523438
4 -111.1846923828125 154.734619140625
5 -140.38949584960938 127.35082244873047
6 -93.25414276123047 121.61404418945312
7 -89.45893859863281 -179.3785858154297
8 -84.97057342529297 -12.615543365478516
9 -104.88617706298828 11.002673149108887
10 78.60111236572266 16.898176193237305
11 -80.05793762207031 121.83522033691406
12 -90.35271453857422 93.80387878417969
13 -84.55403137207031 135.45164489746094
14 -85.91796112060547 135.08267211914062
15 -122.61521911621094 142.59336853027344
16 -106.47492218017578 113.38246154785156
17 -144.46656799316406 160.98904418945312
18 -115.23056030273438 151.4862823486328
19 -51.91349411010742 -20.633310317993164
20 -96.5267562866211 -0.34796077013015747
21 -69.14422607421875 138.48190307617188
22 -62.691070556640625 139.82476806640625
23 -59.019412994384766 -33.44036102294922
24 -50.454654693603516 -52.24435806274414
25 -68.07622528076172 -40.86860275268555
26 -60.874305725097656 -42.40673828125
27 -69.17662811279297 -36.443302154541016
28 -55.6630744934082 -35.60852813720703
29 -70.73512268066406 -35.440879821777344
30 -71.55892181396484 -40.68768310546875
31 -61.41466522216797 -41.525333404541016
32 -47.99440002441406 -51.85289764404297
33 -90.48622131347656 -55.764312744140625
34 -99.3895492553711 9.71569538116455
35 79.24966430664062 -7.47106409072876
36 -81.60054779052734 117.76351165771484
37 -85.07192993164062 163.3707733154297
38 -61.9340934753418 -30.22547149658203
39 -56.91995620727539 -36.93777847290039
40 -96.9554672241211 11.561724662780762
41 -105.62037658691406 113.07098388671875
42 -115.2850570678711 101.56065368652344
43 -89.9716567993164 141.38015747070312
44 -121.01322174072266 145.61265563964844
45 -151.5244140625 110.90235900878906
46 46.461524963378906 51.57003402709961
47 82.63451385498047 18.169260025024414
48 -131.05441284179688 140.19229125976562
49 -83.94300079345703 120.06915283203125
50 -74.43551635742188 107.64378356933594
51 -84.96666717529297 152.15296936035156
52 -62.207725524902344 -39.882625579833984
53 -77.85052490234375 -15.058847427368164
54 -90.44815063476562 176.32952880859375
55 -117.83187866210938 168.85885620117188
56 -56.927452087402344 -37.2978630065918
57 -62.75099182128906 -36.16664505004883
58 -66.88378143310547 -30.930644989013672
59 -102.40373992919922 9.687840461730957
60 75.05439758300781 36.149349212646484
61 -81.59391784667969 108.36261749267578
62 -80.14440155029297 163.7042694091797
63 -54.13112258911133 150.39231872558594
64 68.94682312011719 25.331907272338867
65 -101.6284408569336 146.73837280273438
66 -109.82492065429688 113.04926300048828
67 -89.8018569946289 160.30709838867188
68 -121.20650482177734 127.5405044555664
69 -104.63386535644531 123.51785278320312
70 -103.59502410888672 113.82975006103516
71 -65.29000854492188 124.39897155761719
72 -112.6510009765625 107.3818130493164
73 -93.54560089111328 123.75715637207031
74 -75.00591278076172 -43.06270217895508
75 -65.7159423828125 165.61898803710938
2 -87.85009765625 135.30357360839844
3 -144.95794677734375 168.80880737304688
4 -122.7950439453125 146.79039001464844
5 -132.73155212402344 115.55049896240234
6 -82.64675903320312 142.8173065185547
7 -119.58856964111328 -174.98257446289062
8 -96.2074203491211 -4.262392044067383
9 -82.67183685302734 -2.4584596157073975
10 75.70497131347656 3.6657257080078125
11 -71.99365997314453 151.24903869628906
12 -124.99828338623047 120.0175552368164
13 -107.3017578125 127.4933090209961
14 -63.90224075317383 146.83004760742188
15 -136.20848083496094 130.9986114501953
16 -106.51126861572266 110.06747436523438
17 -136.46633911132812 156.55418395996094
18 -108.9625473022461 149.32176208496094
19 -64.82714080810547 -34.16048049926758
20 -68.68523406982422 -4.316862106323242
21 -65.8254623413086 135.36929321289062
22 -58.13855743408203 150.70066833496094
23 -62.68849563598633 -30.271831512451172
24 -61.5786247253418 -46.53826141357422
25 -55.33230209350586 -46.836944580078125
26 -55.65516662597656 -52.33557891845703
27 -60.09241485595703 -43.651676177978516
28 -60.8975830078125 -36.382545471191406
29 -53.46368408203125 -49.484737396240234
30 -60.09236145019531 -41.3245735168457
31 -62.39588165283203 -39.835269927978516
32 -56.40922546386719 -41.42815017700195
33 -95.92435455322266 -53.963722229003906
34 -99.63746643066406 5.286118507385254
35 73.3966293334961 19.79108428955078
36 -89.18740844726562 121.11478424072266
37 -48.93539810180664 138.25051879882812
38 -56.3923225402832 -23.48990821838379
39 -61.4167594909668 -38.9730224609375
40 -99.90057373046875 36.91000747680664
41 -127.50027465820312 134.62954711914062
42 -119.92138671875 111.05870819091797
43 -107.5604248046875 119.71102905273438
44 -115.60417175292969 132.48004150390625
45 -122.09073638916016 117.43519592285156
46 56.20050048828125 56.79051971435547
47 71.02161407470703 7.678431510925293
48 -135.30508422851562 136.71421813964844
49 -77.34228515625 139.8790283203125
50 -83.87101745605469 115.36742401123047
51 -98.18701171875 124.16754150390625
52 -32.3669319152832 -47.42243576049805
53 -84.87380981445312 3.237927198410034
54 -93.51709747314453 -176.6857147216797
55 -124.9352798461914 173.90626525878906
56 -71.35282897949219 -25.05911636352539
57 -77.45942687988281 -27.879791259765625
58 -51.92626953125 -42.608089447021484
59 -98.99164581298828 15.554817199707031
60 48.230838775634766 46.94297409057617
61 -84.3485336303711 101.36870574951172
62 -65.94612121582031 151.8685302734375
63 -48.257476806640625 151.32708740234375
64 66.57374572753906 14.985462188720703
65 -100.85263061523438 164.14268493652344
66 -109.5508041381836 133.30404663085938
67 -106.96202850341797 161.4733123779297
68 -113.80049896240234 121.74122619628906
69 -90.195556640625 108.79242706298828
70 -98.58355712890625 121.2386474609375
71 -68.07386016845703 138.7370147705078
72 -107.46195983886719 114.4522476196289
73 -106.52147674560547 126.9148178100586
74 -92.66575622558594 -17.51299285888672
75 -73.44446563720703 150.3455352783203
