 ### res-id, Phi, Psi
1 14.435345210800966 61.49951342754211
2 16.394275353639014 126.8513419051577
3 3.81933783407507 88.12351669772062
4 20.620799607312836 86.93837166249112
5 9.760159186659662 95.13409827666568
6 46.80946375407045 151.6821994434864
7 142.53640351010515 115.0369728985388
8 144.19195319806215 113.00360473494244
9 118.22296344293817 105.26743924785707
10 7.6690774394296435 90.13065378137135
11 8.911401194401408 100.9124810663107
12 7.21910549128086 111.3426919883125
13 11.989581449939093 91.33446376214313
14 12.996578470247062 109.92014972463899
15 39.76897135788878 126.03744547955002
16 20.84521473897054 117.32188073517996
17 28.597878005469045 133.56825492215043
18 152.57348317033788 114.6163956221996
19 127.65518724720401 92.53944369083354
20 19.082460626448153 119.82938762074309
21 39.24434623994225 142.29945818968037
22 151.50657379923445 112.06849523343818
23 164.5108707072605 120.83414621180147
24 162.85881865390044 117.46219237608548
25 165.23184209297526 118.64672138939255
26 156.78422193643877 118.4243058073368
27 153.15640962868525 116.71815767405832
28 158.37063429780355 117.5031272053321
29 149.5240805547849 112.77337890793865
30 166.6554362377506 118.54966850534429
31 177.32575578857183 127.93118835747714
32 173.58531688439624 146.08855977459086
33 127.97172868160509 95.31298408077238
34 119.29340836675661 87.92539199093322
35 7.463496031589423 113.64096352551464
36 24.9845990575446 129.622609761267
37 152.69968813979224 111.66026121133524
38 150.3606223651465 122.21162450925712
39 143.9340879541979 113.52057039933972
40 18.433280997436114 42.160051862659564
41 22.95595567013205 89.95836183276828
42 22.04082819208568 84.3565854765183
43 29.458826054700875 15.16728905946759
44 106.20426893648474 163.54671818628168
45 178.42522754758946 128.10670954125104
46 122.94043546004883 118.36322809381564
47 16.492305568669074 111.96362059147708
48 1.788790532829699 116.11172519948151
49 1.5073079203573452 108.4410747465058
50 18.387969257284084 139.47345190791114
51 176.5190295103688 128.81563570037858
52 136.55700726964676 111.31747887469142
53 24.934119696618026 126.01013361716572
54 45.61480587828415 146.0776824128952
55 151.26041294084135 109.63061742228383
56 143.43558698226317 103.91771576846673
57 176.6055207963507 136.90108551316527
58 108.71985184725023 75.77015764471686
59 84.84820731619618 59.70673615493328
60 24.24667031339519 86.3464795998405
61 54.6629364962352 156.32790302208699
62 81.87737391974339 177.6908034934791
63 105.47094118852792 79.0500058807001
64 12.169189026638662 111.44004293660936
65 10.145620049636522 78.1654418712818
66 17.034953051649822 119.1452155917108
67 6.27612948972838 95.5057118217655
68 22.442057527602344 52.57825801888682
69 4.913715691984814 111.29741317294385
70 7.573636814632548 80.90021364064191
71 24.392501838818045 77.62319679282211
72 10.50302288179757 117.43667396286014
73 114.03102551582019 174.10427672193399
74 57.04464231297761 142.22020121515985
